0.252020 0.180664 0.627952 1.328125 0.015090 0.477455 3.320312 0.019139 0.793582 4.907227 0.005749 0.298446 0.292969 0.651573 1.435547 0.011099 0.498929 2.866211 0.004104 0.341519 3.891602 0.000875
0.274042 0.195312 0.670000 1.582031 0.009146 0.468178 3.232422 0.007848 0.748040 4.785156 0.003067 0.317619 0.292969 0.681167 1.269531 0.013423 0.465826 2.890625 0.002421 0.252989 3.789062 0.000868
0.321807 0.214844 0.858906 1.103516 0.116247 0.735469 2.646484 0.012037 0.596131 3.974609 0.007118 0.321891 0.273438 0.758161 1.181641 0.041096 0.688083 2.646484 0.003888 0.548017 3.964844 0.003836
0.305211 0.214844 0.672362 1.445312 0.050222 0.643770 2.910156 0.032408 0.649727 4.335938 0.013343 0.306070 0.253906 0.677221 1.308594 0.016673 0.619512 2.910156 0.015781 0.570332 4.335938 0.005077
0.341015 0.224609 0.742351 1.386719 0.040420 0.668384 2.773438 0.028136 0.591603 4.150391 0.012739 0.324394 0.283203 0.780439 1.347656 0.016972 0.620864 2.626953 0.004019 0.545036 4.111328 0.001884
0.387668 0.185547 0.713919 1.464844 0.036928 0.661367 2.968750 0.016414 0.686780 4.375000 0.006363 0.331514 0.224609 0.839485 1.240234 0.037357 0.688006 2.851562 0.006625 0.606399 4.355469 0.002687
0.332539 0.234375 0.778747 1.381836 0.135251 0.669002 2.910156 0.029094 0.634518 4.218750 0.015779 0.342565 0.185547 0.839162 1.147461 0.098460 0.717152 2.724609 0.003690 0.567629 4.023438 0.002095
0.306034 0.332031 0.708780 1.181641 0.117336 0.610680 2.910156 0.020830 0.692726 4.335938 0.009010 0.300995 0.273438 0.849778 1.220703 0.183198 0.726157 2.675781 0.012467 0.627379 4.218750 0.003044
0.334508 0.249023 0.691500 1.391602 0.079521 0.626871 2.846680 0.028291 0.620629 4.228516 0.014456 0.336707 0.229492 0.833280 1.118164 0.255194 0.682349 2.744141 0.008902 0.606775 4.165039 0.001008
0.367849 0.253906 0.715356 1.196289 0.207832 0.657678 2.880859 0.038948 0.644246 4.208984 0.036189 0.352853 0.327148 0.304898 1.103516 0.377618 0.698298 2.778320 0.010689 0.662159 4.106445 0.002703
0.298529 0.175781 0.820345 1.425781 0.033825 0.771451 2.900391 0.014730 0.764019 4.335938 0.011789 0.300854 0.175781 0.725012 1.230469 0.022867 0.651752 2.841797 0.005953 0.618904 4.248047 0.000887
0.273262 0.292969 0.369238 1.127930 0.207481 0.706200 3.227539 0.036472 0.936440 3.798828 0.009928 0.293422 0.317383 0.355824 1.171875 0.179424 0.852296 2.983398 0.012325 0.796610 3.745117 0.004364
0.375377 0.292969 0.647559 1.333008 0.052889 0.474799 2.871094 0.017399 0.484086 4.282227 0.013678 0.329896 0.263672 0.687924 1.425781 0.046456 0.448171 2.773438 0.005085 0.225509 3.964844 0.000924
0.310140 0.244141 0.707361 1.337891 0.011197 0.656577 2.773438 0.002663 0.588274 4.072266 0.003719 0.299518 0.205078 0.729103 1.337891 0.015652 0.542109 2.666016 0.005102 0.188520 3.759766 0.000991
0.209368 0.307617 0.808541 1.284180 0.020344 0.832149 2.602539 0.002735 0.666004 3.813477 0.002833 0.327765 0.258789 0.915907 1.303711 0.043788 0.782958 2.592773 0.007310 0.549670 3.828125 0.001153
0.234352 0.214844 0.853209 1.225586 0.033568 0.805696 2.524414 0.003590 0.614953 3.715820 0.004103 0.303273 0.185547 0.491557 1.254883 0.019885 0.844322 2.529297 0.002278 0.647600 3.876953 0.000325
0.355313 0.258789 0.817818 1.181641 0.053762 0.826257 2.602539 0.023882 0.629044 3.666992 0.016609 0.307843 0.205078 0.888224 1.279297 0.015896 0.753579 2.524414 0.004662 0.545594 3.911133 0.001099
0.318483 0.253906 0.777224 1.386719 0.044400 0.666431 2.646484 0.004928 0.617451 4.013672 0.011364 0.324367 0.234375 0.786988 1.396484 0.080699 0.619639 2.724609 0.015992 0.487427 3.994141 0.008986
0.247727 0.214844 0.612648 1.367188 0.041278 0.462906 2.695312 0.003801 0.609324 4.121094 0.006913 0.225991 0.244141 0.245020 1.337891 0.072439 0.405087 2.646484 0.010288 0.270967 4.091797 0.002246
0.315242 0.253906 0.642705 1.269531 0.149417 0.623363 2.597656 0.012361 0.608735 3.867188 0.049118 0.345958 0.214844 0.610631 1.328125 0.020207 0.566948 2.578125 0.007039 0.408395 3.867188 0.008218
0.344337 0.224609 0.669732 1.308594 0.089454 0.651317 2.617188 0.008604 0.564217 3.916016 0.023379 0.311095 0.205078 0.706819 1.523438 0.025223 0.545842 2.646484 0.009082 0.389053 3.945312 0.004032
0.304902 0.195312 0.686254 1.250000 0.117436 0.573765 2.636719 0.006612 0.543580 3.837891 0.031328 0.269104 0.175781 0.505189 1.308594 0.015899 0.322802 2.509766 0.003198 0.437971 3.798828 0.002878
0.326791 0.400391 0.612519 1.279297 0.092310 0.561594 2.661133 0.012515 0.545029 3.906250 0.027246 0.239647 0.209961 0.590133 1.303711 0.083274 0.324892 2.753906 0.009551 0.462226 3.901367 0.019508
0.330979 0.205078 0.581383 1.435547 0.070584 0.449881 2.851562 0.010893 0.517647 4.257812 0.027404 0.361234 0.263672 0.646037 1.494141 0.038043 0.440916 2.636719 0.012744 0.287253 4.121094 0.004839
0.301003 0.170898 0.513163 1.254883 0.006254 0.205394 2.646484 0.000727 0.223793 3.964844 0.001182 0.249600 0.234375 0.592470 1.352539 0.013230 0.534107 2.626953 0.009398 0.344803 3.969727 0.002696
0.363316 0.214844 0.529302 1.362305 0.011277 0.205381 2.695312 0.001439 0.169637 4.072266 0.002762 0.258786 0.200195 0.580297 1.381836 0.007608 0.458446 2.714844 0.007585 0.267948 4.062500 0.001530
0.320281 0.253906 0.487163 1.191406 0.034883 0.141288 2.636719 0.001982 0.234971 4.062500 0.002856 0.233483 0.214844 0.527916 1.250000 0.032011 0.459528 2.675781 0.011388 0.283493 4.062500 0.003036
0.283016 0.239258 0.439965 1.367188 0.011873 0.185486 2.714844 0.004075 0.240099 4.091797 0.007505 0.556836 0.249023 0.524656 1.362305 0.077605 0.442144 2.724609 0.096300 0.261828 4.086914 0.026975
0.304142 0.219727 0.498070 1.201172 0.031351 0.227982 2.685547 0.006992 0.226835 4.052734 0.008244 0.300557 0.170898 0.562203 1.342773 0.008050 0.463846 2.690430 0.005828 0.295539 4.038086 0.001914
0.289942 0.209961 0.521993 1.337891 0.025795 0.267320 2.709961 0.002698 0.282433 4.130859 0.003074 0.313285 0.214844 0.638811 1.225586 0.018971 0.462026 2.729492 0.006343 0.282376 4.101562 0.001315
0.378684 0.361328 0.797912 1.171875 0.118496 0.857178 2.719727 0.035299 0.756423 3.911133 0.023180 0.371182 0.385742 0.733992 1.284180 0.014852 0.562731 2.470703 0.005378 0.215599 3.710938 0.000695
0.217087 0.156250 0.567916 1.518555 0.013318 0.326773 3.100586 0.004843 0.433135 4.536133 0.005726 0.235200 0.141602 0.443869 1.386719 0.003913 0.242167 2.910156 0.001265 0.105346 4.116211 0.000383
0.246445 0.214844 0.636666 1.445312 0.008858 0.457318 3.203125 0.005599 0.528034 4.804688 0.003007 0.290253 0.273438 0.671607 1.445312 0.051610 0.311298 2.558594 0.008668 0.090385 4.082031 0.000685
0.468782 0.195312 0.551415 1.445312 0.041781 0.368738 2.939453 0.019575 0.386502 4.375000 0.027747 0.589892 0.214844 0.590476 1.220703 0.079702 0.253623 2.656250 0.013829 0.071901 4.052734 0.002699
0.165719 0.214844 0.569528 1.464844 0.007475 0.333765 3.183594 0.006043 0.376283 4.707031 0.003521 0.276604 0.234375 0.639963 1.367188 0.028906 0.242426 2.734375 0.008793 0.083593 3.867188 0.001611
0.300857 0.224609 0.568770 1.337891 0.021443 0.362729 2.988281 0.003887 0.503461 4.472656 0.003279 0.300919 0.214844 0.631662 1.318359 0.023628 0.242252 2.636719 0.004274 0.099832 3.916016 0.000620
0.202595 0.195312 0.520260 1.386719 0.035721 0.335072 3.261719 0.036308 0.597598 4.853516 0.015401 0.311950 0.244141 0.634740 1.289062 0.084958 0.207160 2.578125 0.008760 0.080042 4.130859 0.001107
0.624112 0.219727 0.571474 1.623535 0.040165 0.375559 3.322754 0.031680 0.585317 4.726562 0.009183 0.295211 0.158691 0.538211 1.506348 0.008871 0.224421 2.766113 0.001585 0.111346 3.930664 0.000602
0.299470 0.283203 0.590168 1.318359 0.040245 0.373993 2.744141 0.014787 0.464164 4.062500 0.020817 0.370327 0.410156 0.552922 1.367188 0.019915 0.375701 2.734375 0.004898 0.294338 4.072266 0.004529
0.372643 0.322266 0.646794 1.269531 0.047349 0.340241 2.919922 0.004448 0.486696 4.228516 0.002964 0.360122 0.312500 0.611607 1.376953 0.050884 0.366404 2.841797 0.006519 0.387128 4.296875 0.003117
0.529239 0.292969 0.443760 1.386719 0.033217 0.167329 2.753906 0.015670 0.297536 4.238281 0.017356 0.444763 0.214844 0.579186 1.328125 0.025916 0.243045 2.851562 0.005646 0.453666 4.238281 0.010674
0.542324 0.234375 0.515899 1.484375 0.016787 0.196646 2.929688 0.005631 0.332148 4.199219 0.003254 0.479330 0.214844 0.587409 1.562500 0.032777 0.349459 2.890625 0.007323 0.335382 4.179688 0.003106
0.282189 0.224609 0.453467 1.357422 0.009092 0.115641 2.744141 0.001148 0.222742 4.140625 0.002211 0.276331 0.205078 0.549876 1.367188 0.015113 0.275447 2.744141 0.002378 0.385388 4.091797 0.001776
0.304308 0.283203 0.501994 1.347656 0.049118 0.429028 3.125000 0.064156 0.477867 4.677734 0.033258 0.335304 0.244141 0.616254 1.474609 0.037315 0.225608 2.763672 0.006243 0.086494 4.033203 0.003001
0.310070 0.263672 0.613132 1.513672 0.057762 0.372215 3.154297 0.041857 0.494346 4.697266 0.012467 0.347615 0.263672 0.594377 1.542969 0.014464 0.204093 2.607422 0.004909 0.070816 4.052734 0.000758
0.275050 0.244141 0.575725 1.621094 0.029335 0.405679 3.232422 0.020443 0.571820 4.726562 0.010012 0.310281 0.234375 0.590739 1.572266 0.015152 0.184513 2.646484 0.003185 0.100379 4.306641 0.001341
0.333778 0.371094 0.556539 1.562500 0.019145 0.377045 3.300781 0.015178 0.599595 4.746094 0.005675 0.307566 0.351562 0.555583 1.621094 0.025093 0.181805 2.792969 0.003166 0.105561 4.199219 0.001090
0.331695 0.205078 0.631646 1.513672 0.026375 0.420065 3.007812 0.007522 0.491257 4.550781 0.006000 0.327090 0.253906 0.542123 1.376953 0.052069 0.255006 2.597656 0.004865 0.076098 3.994141 0.001521
0.326956 0.312500 0.592649 1.523438 0.024051 0.375076 3.183594 0.018254 0.516326 4.765625 0.008841 0.636815 0.332031 0.551391 1.542969 0.027517 0.131311 2.753906 0.002983 0.058266 4.238281 0.002010
0.332968 0.312500 0.527904 1.464844 0.006304 0.396008 3.125000 0.011104 0.525583 4.687500 0.003679 0.269150 0.351562 0.559217 1.210938 0.038010 0.170342 2.812500 0.003564 0.104156 4.287109 0.001720
0.284033 0.263672 0.582809 1.459961 0.052499 0.384804 2.929688 0.026336 0.402170 4.379883 0.016506 0.402768 0.239258 0.280840 1.464844 0.013262 0.063897 2.802734 0.001862 0.033724 4.340820 0.001785
0.321738 0.283203 0.564877 1.206055 0.095560 0.476424 2.514648 0.011560 0.502605 3.769531 0.020689 0.229914 0.205078 0.459940 1.196289 0.054507 0.170432 2.553711 0.002816 0.042922 3.857422 0.000501
0.385445 0.273438 0.726026 1.289062 0.041995 0.827978 2.587891 0.016541 0.699792 3.828125 0.029131 0.372085 0.312500 0.725124 1.279297 0.021484 0.509227 2.568359 0.005747 0.199278 3.984375 0.000440
0.295989 0.234375 0.703308 1.240234 0.036740 0.833185 2.460938 0.013955 0.705918 3.681641 0.015315 0.361759 0.273438 0.854732 1.269531 0.018840 0.873133 2.451172 0.025056 0.692963 3.662109 0.014447
0.380712 0.334961 0.776346 1.207031 0.095546 0.848418 2.680176 0.029672 0.739434 3.886231 0.024965 0.371453 0.363769 0.731332 1.282715 0.016842 0.546680 2.500000 0.005489 0.210703 3.792969 0.000618
0.353876 0.323242 0.769531 1.192383 0.093969 0.849980 2.642090 0.028896 0.741271 3.842285 0.020820 0.350103 0.334473 0.703293 1.294434 0.017485 0.466587 2.520508 0.005047 0.180869 3.772461 0.000672
0.361600 0.337890 0.728001 1.182129 0.111615 0.742952 2.658203 0.028177 0.680278 3.868652 0.022433 0.342809 0.340332 0.705783 1.309082 0.019068 0.466639 2.549805 0.006403 0.175997 3.757813 0.000970
0.350276 0.310059 0.742647 1.227539 0.093758 0.723796 2.737305 0.025205 0.689050 3.962402 0.018372 0.346903 0.352051 0.715276 1.332520 0.025879 0.487301 2.497070 0.006365 0.178035 3.822266 0.000692
0.361033 0.324707 0.737005 1.233398 0.095741 0.725896 2.751953 0.025456 0.685684 3.978516 0.019120 0.357954 0.346191 0.676431 1.312012 0.026017 0.470413 2.508789 0.005224 0.173749 3.795899 0.000943
0.354920 0.337890 0.735589 1.215820 0.095021 0.712222 2.727051 0.029145 0.668745 3.956543 0.022471 0.370926 0.393066 0.679671 1.309082 0.016371 0.506622 2.549805 0.005234 0.239221 3.819336 0.001845
