Subjekt: S001 
4.1000 4.1000 4.1000 4.1000 4.1000 4.1000 4.1000 4.1063 4.1000 4.1000 4.1000 4.1000 4.1000 4.1000 4.1000 4.1063 4.1000 4.1000 4.1000 4.1000 4.1000 4.1000 4.1000 
T1: 23 
4.1000 4.1000 4.1000 4.1000 4.1000 4.1000 4.1000 4.1000 4.1000 4.1000 4.1000 4.1000 4.1000 4.1000 4.1000 4.1000 4.1000 4.1000 4.1000 4.1000 4.1000 4.1063 
T2: 22 
================================================================== 
Subjekt: S002 
4.1000 4.1000 4.1000 4.1000 4.1000 4.1000 4.1000 4.1000 4.1000 4.1000 4.1000 4.1000 4.1000 4.1000 4.1000 4.1000 4.1000 4.1000 4.1000 4.1000 4.1000 4.1000 4.1000 
T1: 23 
4.1000 4.1000 4.1000 4.1000 4.1000 4.1000 4.1000 4.1000 4.1000 4.1000 4.1000 4.1000 4.1000 4.1000 4.1000 4.1000 4.1000 4.1000 4.1000 4.1000 4.1000 4.1000 
T2: 22 
================================================================== 
Subjekt: S003 
4.1000 4.1000 4.1000 4.1000 4.1000 4.1000 4.1000 4.1063 4.1000 4.1000 4.1000 4.1000 4.1000 4.1000 4.1000 4.1000 4.1000 4.1000 4.1000 4.1000 4.1000 4.1000 4.1063 
T1: 23 
4.1000 4.1000 4.1000 4.1000 4.1000 4.1000 4.1000 4.1000 4.1000 4.1000 4.1000 4.1000 4.1000 4.1000 4.1063 4.1000 4.1000 4.1000 4.1000 4.1000 4.1000 4.1000 
T2: 22 
================================================================== 
Subjekt: S004 
4.1000 4.1000 4.1000 4.1000 4.1000 4.1000 4.1000 4.1000 4.1000 4.1000 4.1000 4.1000 4.1000 4.1000 4.1000 4.1000 4.1000 4.1000 4.1000 4.1000 4.1000 4.1000 4.1000 
T1: 23 
4.1000 4.1000 4.1000 4.1000 4.1000 4.1000 4.1000 4.1000 4.1000 4.1000 4.1000 4.1000 4.1000 4.1000 4.1000 4.1000 4.1000 4.1000 4.1000 4.1000 4.1000 4.1000 
T2: 22 
================================================================== 
Subjekt: S005 
4.1000 4.1000 4.1000 4.1000 4.1000 4.1000 4.1000 4.1000 4.1000 4.1000 4.1000 4.1000 4.1000 4.1000 4.1000 4.1000 4.1000 4.1000 4.1000 4.1000 4.1000 
T1: 21 
4.1000 4.1000 4.1000 4.1000 4.1000 4.1000 4.1000 4.1000 4.1000 4.1000 4.1000 4.1000 4.1000 4.1000 4.1000 4.1000 4.1000 4.1000 4.1000 4.1000 4.1000 4.1000 4.1000 4.1000 
T2: 24 
================================================================== 
Subjekt: S006 
4.1000 4.1000 4.1000 4.1000 4.1000 4.1000 4.1000 4.1000 4.1000 4.1000 4.1000 4.1000 4.1000 4.1000 4.1000 4.1000 4.1000 4.1000 4.1000 4.1000 4.1000 4.1000 4.1000 4.1000 
T1: 24 
4.1000 4.1000 4.1000 4.1000 4.1000 4.1000 4.1000 4.1000 4.1000 4.1000 4.1000 4.1000 4.1000 4.1000 4.1000 4.1000 4.1000 4.1000 4.1000 4.1000 4.1000 
T2: 21 
================================================================== 
Subjekt: S007 
4.1000 4.1000 4.1000 4.1000 4.1000 4.1000 4.1000 4.1063 4.1000 4.1000 4.1000 4.1000 4.1000 4.1000 4.1000 4.1063 4.1000 4.1000 4.1000 4.1000 4.1000 4.1000 4.1000 
T1: 23 
4.1000 4.1000 4.1000 4.1000 4.1000 4.1000 4.1000 4.1000 4.1000 4.1000 4.1000 4.1000 4.1000 4.1000 4.1000 4.1000 4.1000 4.1000 4.1000 4.1000 4.1000 4.1063 
T2: 22 
================================================================== 
Subjekt: S008 
4.1000 4.1000 4.1000 4.1000 4.1000 4.1000 4.1000 4.1000 4.1000 4.1000 4.1000 4.1000 4.1000 4.1000 4.1000 4.1000 4.1000 4.1000 4.1000 4.1000 4.1000 4.1000 
T1: 22 
4.1000 4.1000 4.1000 4.1000 4.1000 4.1000 4.1000 4.1000 4.1000 4.1000 4.1000 4.1000 4.1000 4.1000 4.1000 4.1000 4.1000 4.1000 4.1000 4.1000 4.1000 4.1000 4.1000 
T2: 23 
================================================================== 
Subjekt: S009 
4.1000 4.1000 4.1000 4.1000 4.1000 4.1000 4.1000 4.1000 4.1000 4.1000 4.1000 4.1000 4.1000 4.1000 4.1000 4.1000 4.1000 4.1000 4.1000 4.1000 4.1000 4.1000 4.1000 4.1000 
T1: 24 
4.1000 4.1000 4.1000 4.1000 4.1000 4.1000 4.1000 4.1000 4.1000 4.1000 4.1000 4.1000 4.1000 4.1000 4.1000 4.1000 4.1000 4.1000 4.1000 4.1000 4.1000 
T2: 21 
================================================================== 
Subjekt: S010 
4.1000 4.1000 4.1000 4.1000 4.1000 4.1000 4.1000 4.1000 4.1000 4.1000 4.1000 4.1000 4.1000 4.1000 4.1000 4.1000 4.1000 4.1000 4.1000 4.1000 4.1000 4.1000 4.1000 4.1000 
T1: 24 
4.1000 4.1000 4.1000 4.1000 4.1000 4.1000 4.1000 4.1000 4.1000 4.1000 4.1000 4.1000 4.1000 4.1000 4.1000 4.1000 4.1000 4.1000 4.1000 4.1000 4.1000 
T2: 21 
================================================================== 
Subjekt: S011 
4.1000 4.1000 4.1000 4.1000 4.1000 4.1000 4.1000 4.1000 4.1000 4.1000 4.1000 4.1000 4.1000 4.1000 4.1000 4.1000 4.1000 4.1000 4.1000 4.1000 4.1000 4.1000 4.1000 
T1: 23 
4.1000 4.1000 4.1000 4.1000 4.1000 4.1000 4.1000 4.1000 4.1000 4.1000 4.1000 4.1000 4.1000 4.1000 4.1000 4.1000 4.1000 4.1000 4.1000 4.1000 4.1000 4.1000 
T2: 22 
================================================================== 
Subjekt: S012 
4.1000 4.1000 4.1000 4.1000 4.1000 4.1000 4.1000 4.1000 4.1000 4.1000 4.1000 4.1000 4.1000 4.1000 4.1000 4.1000 4.1000 4.1000 4.1000 4.1000 4.1000 
T1: 21 
4.1000 4.1000 4.1000 4.1000 4.1000 4.1000 4.1000 4.1000 4.1000 4.1000 4.1000 4.1000 4.1000 4.1000 4.1000 4.1000 4.1000 4.1000 4.1000 4.1000 4.1000 4.1000 4.1000 4.1000 
T2: 24 
================================================================== 
Subjekt: S013 
4.1000 4.1000 4.1000 4.1000 4.1000 4.1000 4.1000 4.1000 4.1000 4.1000 4.1000 4.1000 4.1000 4.1000 4.1000 4.1000 4.1000 4.1000 4.1000 4.1000 4.1000 4.1000 4.1000 
T1: 23 
4.1000 4.1000 4.1000 4.1000 4.1000 4.1000 4.1000 4.1000 4.1000 4.1000 4.1000 4.1000 4.1000 4.1000 4.1000 4.1000 4.1000 4.1000 4.1000 4.1000 4.1000 4.1000 
T2: 22 
================================================================== 
Subjekt: S014 
4.1000 4.1000 4.1000 4.1000 4.1000 4.1000 4.1000 4.1000 4.1000 4.1000 4.1000 4.1000 4.1000 4.1000 4.1000 4.1000 4.1000 4.1000 4.1000 4.1000 4.1000 4.1000 
T1: 22 
4.1000 4.1000 4.1000 4.1000 4.1000 4.1000 4.1000 4.1000 4.1000 4.1000 4.1000 4.1000 4.1000 4.1000 4.1000 4.1000 4.1000 4.1000 4.1000 4.1000 4.1000 4.1000 4.1000 
T2: 23 
================================================================== 
Subjekt: S015 
4.1000 4.1000 4.1000 4.1000 4.1000 4.1000 4.1000 4.1000 4.1000 4.1000 4.1000 4.1000 4.1000 4.1000 4.1000 4.1000 4.1000 4.1000 4.1000 4.1000 4.1000 4.1000 4.1000 
T1: 23 
4.1000 4.1000 4.1000 4.1000 4.1000 4.1000 4.1000 4.1000 4.1000 4.1000 4.1000 4.1000 4.1000 4.1000 4.1000 4.1000 4.1000 4.1000 4.1000 4.1000 4.1000 4.1000 
T2: 22 
================================================================== 
Subjekt: S016 
4.1000 4.1000 4.1000 4.1000 4.1000 4.1000 4.1000 4.1000 4.1000 4.1000 4.1000 4.1000 4.1000 4.1000 4.1000 4.1000 4.1000 4.1000 4.1000 4.1000 4.1000 4.1000 
T1: 22 
4.1000 4.1000 4.1000 4.1000 4.1000 4.1000 4.1000 4.1000 4.1000 4.1000 4.1000 4.1000 4.1000 4.1000 4.1000 4.1000 4.1000 4.1000 4.1000 4.1000 4.1000 4.1000 4.1000 
T2: 23 
================================================================== 
Subjekt: S017 
4.1000 4.1000 4.1000 4.1000 4.1000 4.1000 4.1000 4.1000 4.1000 4.1000 4.1000 4.1000 4.1000 4.1000 4.1000 4.1000 4.1000 4.1000 4.1000 4.1000 4.1000 4.1000 4.1000 
T1: 23 
4.1000 4.1000 4.1000 4.1000 4.1000 4.1000 4.1000 4.1000 4.1000 4.1000 4.1000 4.1000 4.1000 4.1000 4.1000 4.1000 4.1000 4.1000 4.1000 4.1000 4.1000 4.1000 
T2: 22 
================================================================== 
Subjekt: S018 
4.1000 4.1000 4.1000 4.1000 4.1000 4.1000 4.1000 4.1000 4.1000 4.1000 4.1000 4.1000 4.1000 4.1000 4.1000 4.1000 4.1000 4.1000 4.1000 4.1000 4.1000 4.1000 
T1: 22 
4.1000 4.1000 4.1000 4.1000 4.1000 4.1000 4.1000 4.1000 4.1000 4.1000 4.1000 4.1000 4.1000 4.1000 4.1000 4.1000 4.1000 4.1000 4.1000 4.1000 4.1000 4.1000 4.1000 
T2: 23 
================================================================== 
Subjekt: S019 
4.1000 4.1000 4.1000 4.1000 4.1000 4.1000 4.1000 4.1000 4.1000 4.1000 4.1000 4.1000 4.1000 4.1000 4.1000 4.1000 4.1000 4.1000 4.1000 4.1000 4.1000 4.1000 4.1000 
T1: 23 
4.1000 4.1000 4.1000 4.1000 4.1000 4.1000 4.1000 4.1000 4.1000 4.1000 4.1000 4.1000 4.1000 4.1000 4.1000 4.1000 4.1000 4.1000 4.1000 4.1000 4.1000 4.1000 
T2: 22 
================================================================== 
Subjekt: S020 
4.1000 4.1000 4.1000 4.1000 4.1000 4.1000 4.1000 4.1000 4.1000 4.1000 4.1000 4.1000 4.1000 4.1000 4.1000 4.1000 4.1000 4.1000 4.1000 4.1000 4.1000 4.1000 4.1000 
T1: 23 
4.1000 4.1000 4.1000 4.1000 4.1000 4.1000 4.1000 4.1000 4.1000 4.1000 4.1000 4.1000 4.1000 4.1000 4.1000 4.1000 4.1000 4.1000 4.1000 4.1000 4.1000 4.1000 
T2: 22 
================================================================== 
Subjekt: S021 
4.1000 4.1000 4.1000 4.1000 4.1000 4.1000 4.1000 4.1063 4.1000 4.1000 4.1000 4.1000 4.1000 4.1000 4.1000 4.1063 4.1000 4.1000 4.1000 4.1000 4.1000 4.1000 4.1000 4.1063 
T1: 24 
4.1000 4.1000 4.1000 4.1000 4.1000 4.1000 4.1000 4.1000 4.1000 4.1000 4.1000 4.1000 4.1000 4.1000 4.1000 4.1000 4.1000 4.1000 4.1000 4.1000 4.1000 
T2: 21 
================================================================== 
Subjekt: S022 
4.1000 4.1000 4.1000 4.1000 4.1000 4.1000 4.1000 4.1000 4.1000 4.1000 4.1000 4.1000 4.1000 4.1000 4.1063 4.1000 4.1000 4.1000 4.1000 4.1000 4.1000 4.1000 
T1: 22 
4.1000 4.1000 4.1000 4.1000 4.1000 4.1000 4.1000 4.1063 4.1000 4.1000 4.1000 4.1000 4.1000 4.1000 4.1000 4.1000 4.1000 4.1000 4.1000 4.1000 4.1000 4.1000 4.1063 
T2: 23 
================================================================== 
Subjekt: S023 
4.1000 4.1000 4.1000 4.1000 4.1000 4.1000 4.1000 4.1000 4.1000 4.1000 4.1000 4.1000 4.1000 4.1000 4.1000 4.1000 4.1000 4.1000 4.1000 4.1000 4.1000 4.1000 
T1: 22 
4.1000 4.1000 4.1000 4.1000 4.1000 4.1000 4.1000 4.1000 4.1000 4.1000 4.1000 4.1000 4.1000 4.1000 4.1000 4.1000 4.1000 4.1000 4.1000 4.1000 4.1000 4.1000 4.1000 
T2: 23 
================================================================== 
Subjekt: S024 
4.1000 4.1000 4.1000 4.1000 4.1000 4.1000 4.1000 4.1000 4.1000 4.1000 4.1000 4.1000 4.1000 4.1000 4.1000 4.1000 4.1000 4.1000 4.1000 4.1000 4.1000 4.1000 
T1: 22 
4.1000 4.1000 4.1000 4.1000 4.1000 4.1000 4.1000 4.1000 4.1000 4.1000 4.1000 4.1000 4.1000 4.1000 4.1000 4.1000 4.1000 4.1000 4.1000 4.1000 4.1000 4.1000 4.1000 
T2: 23 
================================================================== 
Subjekt: S025 
4.1000 4.1000 4.1000 4.1000 4.1000 4.1000 4.1000 4.1000 4.1000 4.1000 4.1000 4.1000 4.1000 4.1000 4.1000 4.1000 4.1000 4.1000 4.1000 4.1000 4.1000 4.1000 
T1: 22 
4.1000 4.1000 4.1000 4.1000 4.1000 4.1000 4.1000 4.1000 4.1000 4.1000 4.1000 4.1000 4.1000 4.1000 4.1000 4.1000 4.1000 4.1000 4.1000 4.1000 4.1000 4.1000 4.1000 
T2: 23 
================================================================== 
Subjekt: S026 
4.1000 4.1000 4.1000 4.1000 4.1000 4.1000 4.1000 4.1000 4.1000 4.1000 4.1000 4.1000 4.1000 4.1000 4.1000 4.1000 4.1000 4.1000 4.1000 4.1000 4.1000 4.1000 4.1000 4.1000 
T1: 24 
4.1000 4.1000 4.1000 4.1000 4.1000 4.1000 4.1000 4.1000 4.1000 4.1000 4.1000 4.1000 4.1000 4.1000 4.1000 4.1000 4.1000 4.1000 4.1000 4.1000 4.1000 
T2: 21 
================================================================== 
Subjekt: S027 
4.1000 4.1000 4.1000 4.1000 4.1000 4.1000 4.1000 4.1000 4.1000 4.1000 4.1000 4.1000 4.1000 4.1000 4.1000 4.1000 4.1000 4.1000 4.1000 4.1000 4.1000 4.1000 4.1000 
T1: 23 
4.1000 4.1000 4.1000 4.1000 4.1000 4.1000 4.1000 4.1000 4.1000 4.1000 4.1000 4.1000 4.1000 4.1000 4.1000 4.1000 4.1000 4.1000 4.1000 4.1000 4.1000 4.1000 
T2: 22 
================================================================== 
Subjekt: S028 
4.1000 4.1000 4.1000 4.1000 4.1000 4.1000 4.1000 4.1000 4.1000 4.1000 4.1000 4.1000 4.1000 4.1000 4.1000 4.1000 4.1000 4.1000 4.1000 4.1000 4.1000 4.1000 
T1: 22 
4.1000 4.1000 4.1000 4.1000 4.1000 4.1000 4.1000 4.1000 4.1000 4.1000 4.1000 4.1000 4.1000 4.1000 4.1000 4.1000 4.1000 4.1000 4.1000 4.1000 4.1000 4.1000 4.1000 
T2: 23 
================================================================== 
Subjekt: S029 
4.1000 4.1000 4.1000 4.1000 4.1000 4.1000 4.1000 4.1063 4.1000 4.1000 4.1000 4.1000 4.1000 4.1000 4.1000 4.1063 4.1000 4.1000 4.1000 4.1000 4.1000 4.1000 4.1000 
T1: 23 
4.1000 4.1000 4.1000 4.1000 4.1000 4.1000 4.1000 4.1000 4.1000 4.1000 4.1000 4.1000 4.1000 4.1000 4.1000 4.1000 4.1000 4.1000 4.1000 4.1000 4.1000 4.1063 
T2: 22 
================================================================== 
Subjekt: S030 
4.1000 4.1000 4.1000 4.1000 4.1000 4.1000 4.1000 4.1063 4.1000 4.1000 4.1000 4.1000 4.1000 4.1000 4.1000 4.1063 4.1000 4.1000 4.1000 4.1000 4.1000 4.1000 4.1000 4.1063 
T1: 24 
4.1000 4.1000 4.1000 4.1000 4.1000 4.1000 4.1000 4.1000 4.1000 4.1000 4.1000 4.1000 4.1000 4.1000 4.1000 4.1000 4.1000 4.1000 4.1000 4.1000 4.1000 
T2: 21 
================================================================== 
Subjekt: S031 
4.1000 4.1000 4.1000 4.1000 4.1000 4.1000 4.1000 4.1000 4.1000 4.1000 4.1000 4.1000 4.1000 4.1000 4.1000 4.1000 4.1000 4.1000 4.1000 4.1000 4.1000 4.1000 
T1: 22 
4.1000 4.1000 4.1000 4.1000 4.1000 4.1000 4.1000 4.1000 4.1000 4.1000 4.1000 4.1000 4.1000 4.1000 4.1000 4.1000 4.1000 4.1000 4.1000 4.1000 4.1000 4.1000 4.1000 
T2: 23 
================================================================== 
Subjekt: S032 
4.1000 4.1000 4.1000 4.1000 4.1000 4.1000 4.1000 4.1000 4.1000 4.1000 4.1000 4.1000 4.1000 4.1000 4.1000 4.1000 4.1000 4.1000 4.1000 4.1000 4.1000 
T1: 21 
4.1000 4.1000 4.1000 4.1000 4.1000 4.1000 4.1000 4.1063 4.1000 4.1000 4.1000 4.1000 4.1000 4.1000 4.1000 4.1063 4.1000 4.1000 4.1000 4.1000 4.1000 4.1000 4.1000 4.1063 
T2: 24 
================================================================== 
Subjekt: S033 
4.1000 4.1000 4.1000 4.1000 4.1000 4.1000 4.1000 4.1000 4.1000 4.1000 4.1000 4.1000 4.1000 4.1000 4.1000 4.1000 4.1000 4.1000 4.1000 4.1000 4.1000 4.1000 4.1000 
T1: 23 
4.1000 4.1000 4.1000 4.1000 4.1000 4.1000 4.1000 4.1000 4.1000 4.1000 4.1000 4.1000 4.1000 4.1000 4.1000 4.1000 4.1000 4.1000 4.1000 4.1000 4.1000 4.1000 
T2: 22 
================================================================== 
Subjekt: S034 
4.1000 4.1000 4.1000 4.1000 4.1000 4.1000 4.1000 4.1000 4.1000 4.1000 4.1000 4.1000 4.1000 4.1000 4.1000 4.1000 4.1000 4.1000 4.1000 4.1000 4.1000 
T1: 21 
4.1000 4.1000 4.1000 4.1000 4.1000 4.1000 4.1000 4.0062 4.1000 4.1000 4.1000 4.1000 4.1000 4.1000 4.1000 4.0000 4.1000 4.1000 4.1000 4.1000 4.1000 4.1000 4.1000 4.0000 
T2: 24 
================================================================== 
Subjekt: S035 
4.1000 4.1000 4.1000 4.1000 4.1000 4.1000 4.1000 4.1063 4.1000 4.1000 4.1000 4.1000 4.1000 4.1000 4.1000 4.1000 4.1000 4.1000 4.1000 4.1000 4.1000 4.1000 
T1: 22 
4.1000 4.1000 4.1000 4.1000 4.1000 4.1000 4.1000 4.1000 4.1000 4.1000 4.1000 4.1000 4.1000 4.1000 4.1063 4.1000 4.1000 4.1000 4.1000 4.1000 4.1000 4.1000 4.1063 
T2: 23 
================================================================== 
Subjekt: S036 
4.1000 4.1000 4.1000 4.1000 4.1000 4.1000 4.1000 4.1000 4.1000 4.1000 4.1000 4.1000 4.1000 4.1000 4.1000 4.1000 4.1000 4.1000 4.1000 4.1000 4.1000 4.1000 4.1000 
T1: 23 
4.1000 4.1000 4.1000 4.1000 4.1000 4.1000 4.1000 4.1000 4.1000 4.1000 4.1000 4.1000 4.1000 4.1000 4.1000 4.1000 4.1000 4.1000 4.1000 4.1000 4.1000 4.1000 
T2: 22 
================================================================== 
Subjekt: S037 
4.1000 4.1000 4.1000 4.1000 4.1000 4.1000 4.1000 4.0062 4.1000 4.1000 4.1000 4.1000 4.1000 4.1000 4.1000 4.0000 4.1000 4.1000 4.1000 4.1000 4.1000 4.1000 4.1000 
T1: 23 
4.1000 4.1000 4.1000 4.1000 4.1000 4.1000 4.1000 4.1000 4.1000 4.1000 4.1000 4.1000 4.1000 4.1000 4.1000 4.1000 4.1000 4.1000 4.1000 4.1000 4.1000 4.0000 
T2: 22 
================================================================== 
Subjekt: S038 
4.1000 4.1000 4.1000 4.1000 4.1000 4.1000 4.1000 4.1000 4.1000 4.1000 4.1000 4.1000 4.1000 4.1000 4.1000 4.1000 4.1000 4.1000 4.1000 4.1000 4.1000 4.1000 4.1000 
T1: 23 
4.1000 4.1000 4.1000 4.1000 4.1000 4.1000 4.1000 4.1000 4.1000 4.1000 4.1000 4.1000 4.1000 4.1000 4.1000 4.1000 4.1000 4.1000 4.1000 4.1000 4.1000 4.1000 
T2: 22 
================================================================== 
Subjekt: S039 
4.1000 4.1000 4.1000 4.1000 4.1000 4.1000 4.1000 4.1000 4.1000 4.1000 4.1000 4.1000 4.1000 4.1000 4.1000 4.1000 4.1000 4.1000 4.1000 4.1000 4.1000 4.1000 4.1000 
T1: 23 
4.1000 4.1000 4.1000 4.1000 4.1000 4.1000 4.1000 4.1000 4.1000 4.1000 4.1000 4.1000 4.1000 4.1000 4.1000 4.1000 4.1000 4.1000 4.1000 4.1000 4.1000 4.1000 
T2: 22 
================================================================== 
Subjekt: S040 
4.1000 4.1000 4.1000 4.1000 4.1000 4.1000 4.1000 4.1000 4.1000 4.1000 4.1000 4.1000 4.1000 4.1000 4.1000 4.1000 4.1000 4.1000 4.1000 4.1000 4.1000 
T1: 21 
4.1000 4.1000 4.1000 4.1000 4.1000 4.1000 4.1000 4.1000 4.1000 4.1000 4.1000 4.1000 4.1000 4.1000 4.1000 4.1000 4.1000 4.1000 4.1000 4.1000 4.1000 4.1000 4.1000 4.1000 
T2: 24 
================================================================== 
Subjekt: S041 
4.1000 4.1000 4.1000 4.1000 4.1000 4.1000 4.1000 4.0062 4.1000 4.1000 4.1000 4.1000 4.1000 4.1000 4.1000 4.0000 4.1000 4.1000 4.1000 4.1000 4.1000 4.1000 4.1000 4.0062 
T1: 24 
4.1000 4.1000 4.1000 4.1000 4.1000 4.1000 4.1000 4.1000 4.1000 4.1000 4.1000 4.1000 4.1000 4.1000 4.1000 4.1000 4.1000 4.1000 4.1000 4.1000 4.1000 
T2: 21 
================================================================== 
Subjekt: S042 
4.1000 4.1000 4.1000 4.1000 4.1000 4.1000 4.1000 4.1000 4.1000 4.1000 4.1000 4.1000 4.1000 4.1000 4.1000 4.1000 4.1000 4.1000 4.1000 4.1000 4.1000 4.1000 
T1: 22 
4.1000 4.1000 4.1000 4.1000 4.1000 4.1000 4.1000 4.1000 4.1000 4.1000 4.1000 4.1000 4.1000 4.1000 4.1000 4.1000 4.1000 4.1000 4.1000 4.1000 4.1000 4.1000 4.1000 
T2: 23 
================================================================== 
Subjekt: S043 
4.1000 4.1000 4.1000 4.1000 4.1000 4.1000 4.1000 4.1000 4.1000 4.1000 4.1000 4.1000 4.1000 4.1000 4.1000 4.1000 4.1000 4.1000 4.1000 4.1000 4.1000 4.1000 4.1000 
T1: 23 
4.1000 4.1000 4.1000 4.1000 4.1000 4.1000 4.1000 4.1000 4.1000 4.1000 4.1000 4.1000 4.1000 4.1000 4.1000 4.1000 4.1000 4.1000 4.1000 4.1000 4.1000 4.1000 
T2: 22 
================================================================== 
Subjekt: S044 
4.1000 4.1000 4.1000 4.1000 4.1000 4.1000 4.1000 4.1000 4.1000 4.1000 4.1000 4.1000 4.1000 4.1000 4.1000 4.1000 4.1000 4.1000 4.1000 4.1000 4.1000 4.1000 
T1: 22 
4.1000 4.1000 4.1000 4.1000 4.1000 4.1000 4.1000 4.1000 4.1000 4.1000 4.1000 4.1000 4.1000 4.1000 4.1000 4.1000 4.1000 4.1000 4.1000 4.1000 4.1000 4.1000 4.1000 
T2: 23 
================================================================== 
Subjekt: S045 
4.1000 4.1000 4.1000 4.1000 4.1000 4.1000 4.1000 4.1000 4.1000 4.1000 4.1000 4.1000 4.1000 4.1000 4.1000 4.1000 4.1000 4.1000 4.1000 4.1000 4.1000 4.1000 4.1000 
T1: 23 
4.1000 4.1000 4.1000 4.1000 4.1000 4.1000 4.1000 4.1000 4.1000 4.1000 4.1000 4.1000 4.1000 4.1000 4.1000 4.1000 4.1000 4.1000 4.1000 4.1000 4.1000 4.1000 
T2: 22 
================================================================== 
Subjekt: S046 
4.1000 4.1000 4.1000 4.1000 4.1000 4.1000 4.1000 4.1063 4.1000 4.1000 4.1000 4.1000 4.1000 4.1000 4.1000 4.1000 4.1000 4.1000 4.1000 4.1000 4.1000 4.1000 4.1063 
T1: 23 
4.1000 4.1000 4.1000 4.1000 4.1000 4.1000 4.1000 4.1000 4.1000 4.1000 4.1000 4.1000 4.1000 4.1000 4.1063 4.1000 4.1000 4.1000 4.1000 4.1000 4.1000 4.1000 
T2: 22 
================================================================== 
Subjekt: S047 
4.1000 4.1000 4.1000 4.1000 4.1000 4.1000 4.1000 4.1000 4.1000 4.1000 4.1000 4.1000 4.1000 4.1000 4.1000 4.1000 4.1000 4.1000 4.1000 4.1000 4.1000 4.1000 4.1000 4.1000 
T1: 24 
4.1000 4.1000 4.1000 4.1000 4.1000 4.1000 4.1000 4.1000 4.1000 4.1000 4.1000 4.1000 4.1000 4.1000 4.1000 4.1000 4.1000 4.1000 4.1000 4.1000 4.1000 
T2: 21 
================================================================== 
Subjekt: S048 
4.1000 4.1000 4.1000 4.1000 4.1000 4.1000 4.1000 4.1000 4.1000 4.1000 4.1000 4.1000 4.1000 4.1000 4.1000 4.1000 4.1000 4.1000 4.1000 4.1000 4.1000 4.1000 
T1: 22 
4.1000 4.1000 4.1000 4.1000 4.1000 4.1000 4.1000 4.1000 4.1000 4.1000 4.1000 4.1000 4.1000 4.1000 4.1000 4.1000 4.1000 4.1000 4.1000 4.1000 4.1000 4.1000 4.1000 
T2: 23 
================================================================== 
Subjekt: S049 
4.1000 4.1000 4.1000 4.1000 4.1000 4.1000 4.1000 4.1000 4.1000 4.1000 4.1000 4.1000 4.1000 4.1000 4.1000 4.1000 4.1000 4.1000 4.1000 4.1000 4.1000 4.1000 4.1000 
T1: 23 
4.1000 4.1000 4.1000 4.1000 4.1000 4.1000 4.1000 4.1000 4.1000 4.1000 4.1000 4.1000 4.1000 4.1000 4.1000 4.1000 4.1000 4.1000 4.1000 4.1000 4.1000 4.1000 
T2: 22 
================================================================== 
Subjekt: S050 
4.1000 4.1000 4.1000 4.1000 4.1000 4.1000 4.1000 4.1000 4.1000 4.1000 4.1000 4.1000 4.1000 4.1000 4.1000 4.1000 4.1000 4.1000 4.1000 4.1000 4.1000 4.1000 4.1000 
T1: 23 
4.1000 4.1000 4.1000 4.1000 4.1000 4.1000 4.1000 4.1000 4.1000 4.1000 4.1000 4.1000 4.1000 4.1000 4.1000 4.1000 4.1000 4.1000 4.1000 4.1000 4.1000 4.1000 
T2: 22 
================================================================== 
Subjekt: S051 
4.1000 4.1000 4.1000 4.1000 4.1000 4.1000 4.1000 4.0062 4.1000 4.1000 4.1000 4.1000 4.1000 4.1000 4.1000 4.0062 4.1000 4.1000 4.1000 4.1000 4.1000 4.1000 4.1000 4.0062 
T1: 24 
4.1000 4.1000 4.1000 4.1000 4.1000 4.1000 4.1000 4.1000 4.1000 4.1000 4.1000 4.1000 4.1000 4.1000 4.1000 4.1000 4.1000 4.1000 4.1000 4.1000 4.1000 
T2: 21 
================================================================== 
Subjekt: S052 
4.1000 4.1000 4.1000 4.1000 4.1000 4.1000 4.1000 4.1000 4.1000 4.1000 4.1000 4.1000 4.1000 4.1000 4.1000 4.1000 4.1000 4.1000 4.1000 4.1000 4.1000 4.1000 4.1000 4.1000 
T1: 24 
4.1000 4.1000 4.1000 4.1000 4.1000 4.1000 4.1000 4.1000 4.1000 4.1000 4.1000 4.1000 4.1000 4.1000 4.1000 4.1000 4.1000 4.1000 4.1000 4.1000 4.1000 
T2: 21 
================================================================== 
Subjekt: S053 
4.1000 4.1000 4.1000 4.1000 4.1000 4.1000 4.1000 4.1000 4.1000 4.1000 4.1000 4.1000 4.1000 4.1000 4.1000 4.1000 4.1000 4.1000 4.1000 4.1000 4.1000 4.1000 
T1: 22 
4.1000 4.1000 4.1000 4.1000 4.1000 4.1000 4.1000 4.1000 4.1000 4.1000 4.1000 4.1000 4.1000 4.1000 4.1000 4.1000 4.1000 4.1000 4.1000 4.1000 4.1000 4.1000 4.1000 
T2: 23 
================================================================== 
Subjekt: S054 
4.1000 4.1000 4.1000 4.1000 4.1000 4.1000 4.1000 4.1000 4.1000 4.1000 4.1000 4.1000 4.1000 4.1000 4.1000 4.1000 4.1000 4.1000 4.1000 4.1000 4.1000 4.1000 4.1000 
T1: 23 
4.1000 4.1000 4.1000 4.1000 4.1000 4.1000 4.1000 4.1000 4.1000 4.1000 4.1000 4.1000 4.1000 4.1000 4.1000 4.1000 4.1000 4.1000 4.1000 4.1000 4.1000 4.1000 
T2: 22 
================================================================== 
Subjekt: S055 
4.1000 4.1000 4.1000 4.1000 4.1000 4.1000 4.1000 4.1000 4.1000 4.1000 4.1000 4.1000 4.1000 4.1000 4.1000 4.1000 4.1000 4.1000 4.1000 4.1000 4.1000 4.1000 4.1000 
T1: 23 
4.1000 4.1000 4.1000 4.1000 4.1000 4.1000 4.1000 4.1000 4.1000 4.1000 4.1000 4.1000 4.1000 4.1000 4.1000 4.1000 4.1000 4.1000 4.1000 4.1000 4.1000 4.1000 
T2: 22 
================================================================== 
Subjekt: S056 
4.1000 4.1000 4.1000 4.1000 4.1000 4.1000 4.1000 4.1000 4.1000 4.1000 4.1000 4.1000 4.1000 4.1000 4.1000 4.1000 4.1000 4.1000 4.1000 4.1000 4.1000 4.1000 
T1: 22 
4.1000 4.1000 4.1000 4.1000 4.1000 4.1000 4.1000 4.1000 4.1000 4.1000 4.1000 4.1000 4.1000 4.1000 4.1000 4.1000 4.1000 4.1000 4.1000 4.1000 4.1000 4.1000 4.1000 
T2: 23 
================================================================== 
Subjekt: S057 
4.1000 4.1000 4.1000 4.1000 4.1000 4.1000 4.1000 4.1063 4.1000 4.1000 4.1000 4.1000 4.1000 4.1000 4.1000 4.1063 4.1000 4.1000 4.1000 4.1000 4.1000 4.1000 4.1000 4.1063 
T1: 24 
4.1000 4.1000 4.1000 4.1000 4.1000 4.1000 4.1000 4.1000 4.1000 4.1000 4.1000 4.1000 4.1000 4.1000 4.1000 4.1000 4.1000 4.1000 4.1000 4.1000 4.1000 
T2: 21 
================================================================== 
Subjekt: S058 
4.1000 4.1000 4.1000 4.1000 4.1000 4.1000 4.1000 4.1000 4.1000 4.1000 4.1000 4.1000 4.1000 4.1000 4.1000 4.1000 4.1000 4.1000 4.1000 4.1000 4.1000 4.1000 4.1000 4.1000 
T1: 24 
4.1000 4.1000 4.1000 4.1000 4.1000 4.1000 4.1000 4.1000 4.1000 4.1000 4.1000 4.1000 4.1000 4.1000 4.1000 4.1000 4.1000 4.1000 4.1000 4.1000 4.1000 
T2: 21 
================================================================== 
Subjekt: S059 
4.1000 4.1000 4.1000 4.1000 4.1000 4.1000 4.1000 4.1000 4.1000 4.1000 4.1000 4.1000 4.1000 4.1000 4.1000 4.1000 4.1000 4.1000 4.1000 4.1000 4.1000 4.1000 4.1000 4.1000 
T1: 24 
4.1000 4.1000 4.1000 4.1000 4.1000 4.1000 4.1000 4.1000 4.1000 4.1000 4.1000 4.1000 4.1000 4.1000 4.1000 4.1000 4.1000 4.1000 4.1000 4.1000 4.1000 
T2: 21 
================================================================== 
Subjekt: S060 
4.1000 4.1000 4.1000 4.1000 4.1000 4.1000 4.1000 4.1000 4.1000 4.1000 4.1000 4.1000 4.1000 4.1000 4.1000 4.1000 4.1000 4.1000 4.1000 4.1000 4.1000 4.1000 4.1000 
T1: 23 
4.1000 4.1000 4.1000 4.1000 4.1000 4.1000 4.1000 4.1000 4.1000 4.1000 4.1000 4.1000 4.1000 4.1000 4.1000 4.1000 4.1000 4.1000 4.1000 4.1000 4.1000 4.1000 
T2: 22 
================================================================== 
Subjekt: S061 
4.1000 4.1000 4.1000 4.1000 4.1000 4.1000 4.1000 4.1000 4.1000 4.1000 4.1000 4.1000 4.1000 4.1000 4.1063 4.1000 4.1000 4.1000 4.1000 4.1000 4.1000 4.1000 
T1: 22 
4.1000 4.1000 4.1000 4.1000 4.1000 4.1000 4.1000 4.1063 4.1000 4.1000 4.1000 4.1000 4.1000 4.1000 4.1000 4.1000 4.1000 4.1000 4.1000 4.1000 4.1000 4.1000 4.1063 
T2: 23 
================================================================== 
Subjekt: S062 
4.1000 4.1000 4.1000 4.1000 4.1000 4.1000 4.1000 4.1000 4.1000 4.1000 4.1000 4.1000 4.1000 4.1000 4.1000 4.1000 4.1000 4.1000 4.1000 4.1000 4.1000 4.1000 4.1000 
T1: 23 
4.1000 4.1000 4.1000 4.1000 4.1000 4.1000 4.1000 4.1000 4.1000 4.1000 4.1000 4.1000 4.1000 4.1000 4.1000 4.1000 4.1000 4.1000 4.1000 4.1000 4.1000 4.1000 
T2: 22 
================================================================== 
Subjekt: S063 
4.1000 4.1000 4.1000 4.1000 4.1000 4.1000 4.1000 4.1000 4.1000 4.1000 4.1000 4.1000 4.1000 4.1000 4.1000 4.1000 4.1000 4.1000 4.1000 4.1000 4.1000 4.1000 
T1: 22 
4.1000 4.1000 4.1000 4.1000 4.1000 4.1000 4.1000 4.1000 4.1000 4.1000 4.1000 4.1000 4.1000 4.1000 4.1000 4.1000 4.1000 4.1000 4.1000 4.1000 4.1000 4.1000 4.1000 
T2: 23 
================================================================== 
Subjekt: S064 
4.1000 4.1000 4.1000 4.1000 4.1000 4.1000 4.1000 4.0062 4.1000 4.1000 4.1000 4.1000 4.1000 4.1000 4.1000 4.0062 4.1000 4.1000 4.1000 4.1000 4.1000 4.1000 4.1000 
T1: 23 
4.1000 4.1000 4.1000 4.1000 4.1000 4.1000 4.1000 4.1000 4.1000 4.1000 4.1000 4.1000 4.1000 4.1000 4.1000 4.1000 4.1000 4.1000 4.1000 4.1000 4.1000 4.0000 
T2: 22 
================================================================== 
Subjekt: S065 
4.1000 4.1000 4.1000 4.1000 4.1000 4.1000 4.1000 4.1063 4.1000 4.1000 4.1000 4.1000 4.1000 4.1000 4.1000 4.1063 4.1000 4.1000 4.1000 4.1000 4.1000 4.1000 4.1000 4.1063 
T1: 24 
4.1000 4.1000 4.1000 4.1000 4.1000 4.1000 4.1000 4.1000 4.1000 4.1000 4.1000 4.1000 4.1000 4.1000 4.1000 4.1000 4.1000 4.1000 4.1000 4.1000 4.1000 
T2: 21 
================================================================== 
Subjekt: S066 
4.1000 4.1000 4.1000 4.1000 4.1000 4.1000 4.1000 4.1000 4.1000 4.1000 4.1000 4.1000 4.1000 4.1000 4.1063 4.1000 4.1000 4.1000 4.1000 4.1000 4.1000 4.1000 
T1: 22 
4.1000 4.1000 4.1000 4.1000 4.1000 4.1000 4.1000 4.1063 4.1000 4.1000 4.1000 4.1000 4.1000 4.1000 4.1000 4.1000 4.1000 4.1000 4.1000 4.1000 4.1000 4.1000 4.1063 
T2: 23 
================================================================== 
Subjekt: S067 
4.1000 4.1000 4.1000 4.1000 4.1000 4.1000 4.1000 4.1000 4.1000 4.1000 4.1000 4.1000 4.1000 4.1000 4.1000 4.1000 4.1000 4.1000 4.1000 4.1000 4.1000 4.1000 
T1: 22 
4.1000 4.1000 4.1000 4.1000 4.1000 4.1000 4.1000 4.1000 4.1000 4.1000 4.1000 4.1000 4.1000 4.1000 4.1000 4.1000 4.1000 4.1000 4.1000 4.1000 4.1000 4.1000 4.1000 
T2: 23 
================================================================== 
Subjekt: S068 
4.1000 4.1000 4.1000 4.1000 4.1000 4.1000 4.1000 4.1000 4.1000 4.1000 4.1000 4.1000 4.1000 4.1000 4.1000 4.1000 4.1000 4.1000 4.1000 4.1000 4.1000 4.1000 
T1: 22 
4.1000 4.1000 4.1000 4.1000 4.1000 4.1000 4.1000 4.1000 4.1000 4.1000 4.1000 4.1000 4.1000 4.1000 4.1000 4.1000 4.1000 4.1000 4.1000 4.1000 4.1000 4.1000 4.1000 
T2: 23 
================================================================== 
Subjekt: S069 
4.1000 4.1000 4.1000 4.1000 4.1000 4.1000 4.1000 4.1000 4.1000 4.1000 4.1000 4.1000 4.1000 4.1000 4.1000 4.1000 4.1000 4.1000 4.1000 4.1000 4.1000 4.1000 4.1000 4.1000 
T1: 24 
4.1000 4.1000 4.1000 4.1000 4.1000 4.1000 4.1000 4.1000 4.1000 4.1000 4.1000 4.1000 4.1000 4.1000 4.1000 4.1000 4.1000 4.1000 4.1000 4.1000 4.1000 
T2: 21 
================================================================== 
Subjekt: S070 
4.1000 4.1000 4.1000 4.1000 4.1000 4.1000 4.1000 4.1000 4.1000 4.1000 4.1000 4.1000 4.1000 4.1000 4.1000 4.1000 4.1000 4.1000 4.1000 4.1000 4.1000 4.1000 
T1: 22 
4.1000 4.1000 4.1000 4.1000 4.1000 4.1000 4.1000 4.1000 4.1000 4.1000 4.1000 4.1000 4.1000 4.1000 4.1000 4.1000 4.1000 4.1000 4.1000 4.1000 4.1000 4.1000 4.1000 
T2: 23 
================================================================== 
Subjekt: S071 
4.1000 4.1000 4.1000 4.1000 4.1000 4.1000 4.1000 4.1063 4.1000 4.1000 4.1000 4.1000 4.1000 4.1000 4.1000 4.1000 4.1000 4.1000 4.1000 4.1000 4.1000 4.1000 
T1: 22 
4.1000 4.1000 4.1000 4.1000 4.1000 4.1000 4.1000 4.1000 4.1000 4.1000 4.1000 4.1000 4.1000 4.1000 4.1063 4.1000 4.1000 4.1000 4.1000 4.1000 4.1000 4.1000 4.1063 
T2: 23 
================================================================== 
Subjekt: S072 
4.1000 4.1000 4.1000 4.1000 4.1000 4.1000 4.1000 4.1000 4.1000 4.1000 4.1000 4.1000 4.1000 4.1000 4.1000 4.1000 4.1000 4.1000 4.1000 4.1000 4.1000 4.0062 
T1: 22 
4.1000 4.1000 4.1000 4.1000 4.1000 4.1000 4.1000 4.0000 4.1000 4.1000 4.1000 4.1000 4.1000 4.1000 4.1000 4.0000 4.1000 4.1000 4.1000 4.1000 4.1000 4.1000 4.1000 
T2: 23 
================================================================== 
Subjekt: S073 
4.1000 4.1000 4.1000 4.1000 4.1000 4.1000 4.1000 4.0000 4.1000 4.1000 4.1000 4.1000 4.1000 4.1000 4.1000 4.0000 4.1000 4.1000 4.1000 4.1000 4.1000 4.1000 4.1000 
T1: 23 
4.1000 4.1000 4.1000 4.1000 4.1000 4.1000 4.1000 4.1000 4.1000 4.1000 4.1000 4.1000 4.1000 4.1000 4.1000 4.1000 4.1000 4.1000 4.1000 4.1000 4.1000 4.0000 
T2: 22 
================================================================== 
Subjekt: S074 
4.1000 4.1000 4.1000 4.1000 4.1000 4.1000 4.1000 4.0062 4.1000 4.1000 4.1000 4.1000 4.1000 4.1000 4.1000 4.0000 4.1000 4.1000 4.1000 4.1000 4.1000 4.1000 4.1000 4.0000 
T1: 24 
4.1000 4.1000 4.1000 4.1000 4.1000 4.1000 4.1000 4.1000 4.1000 4.1000 4.1000 4.1000 4.1000 4.1000 4.1000 4.1000 4.1000 4.1000 4.1000 4.1000 4.1000 
T2: 21 
================================================================== 
Subjekt: S075 
4.1000 4.1000 4.1000 4.1000 4.1000 4.1000 4.1000 4.1000 4.1000 4.1000 4.1000 4.1000 4.1000 4.1000 4.1000 4.1000 4.1000 4.1000 4.1000 4.1000 4.1000 4.1000 
T1: 22 
4.1000 4.1000 4.1000 4.1000 4.1000 4.1000 4.1000 4.1000 4.1000 4.1000 4.1000 4.1000 4.1000 4.1000 4.1000 4.1000 4.1000 4.1000 4.1000 4.1000 4.1000 4.1000 4.1000 
T2: 23 
================================================================== 
Subjekt: S076 
4.1000 4.1000 4.1000 4.1000 4.1000 4.1000 4.1000 4.0000 4.1000 4.1000 4.1000 4.1000 4.1000 4.1000 4.1000 4.0000 4.1000 4.1000 4.1000 4.1000 4.1000 4.1000 4.1000 
T1: 23 
4.1000 4.1000 4.1000 4.1000 4.1000 4.1000 4.1000 4.1000 4.1000 4.1000 4.1000 4.1000 4.1000 4.1000 4.1000 4.1000 4.1000 4.1000 4.1000 4.1000 4.1000 4.0000 
T2: 22 
================================================================== 
Subjekt: S077 
4.1000 4.1000 4.1000 4.1000 4.1000 4.1000 4.1000 4.1000 4.1000 4.1000 4.1000 4.1000 4.1000 4.1000 4.1000 4.1000 4.1000 4.1000 4.1000 4.1000 4.1000 
T1: 21 
4.1000 4.1000 4.1000 4.1000 4.1000 4.1000 4.1000 4.1000 4.1000 4.1000 4.1000 4.1000 4.1000 4.1000 4.1000 4.1000 4.1000 4.1000 4.1000 4.1000 4.1000 4.1000 4.1000 4.1000 
T2: 24 
================================================================== 
Subjekt: S078 
4.1000 4.1000 4.1000 4.1000 4.1000 4.1000 4.1000 4.1000 4.1000 4.1000 4.1000 4.1000 4.1000 4.1000 4.1000 4.1000 4.1000 4.1000 4.1000 4.1000 4.1000 4.1000 4.1000 
T1: 23 
4.1000 4.1000 4.1000 4.1000 4.1000 4.1000 4.1000 4.1000 4.1000 4.1000 4.1000 4.1000 4.1000 4.1000 4.1000 4.1000 4.1000 4.1000 4.1000 4.1000 4.1000 4.1000 
T2: 22 
================================================================== 
Subjekt: S079 
4.1000 4.1000 4.1000 4.1000 4.1000 4.1000 4.1000 4.1063 4.1000 4.1000 4.1000 4.1000 4.1000 4.1000 4.1000 4.1000 4.1000 4.1000 4.1000 4.1000 4.1000 4.1000 
T1: 22 
4.1000 4.1000 4.1000 4.1000 4.1000 4.1000 4.1000 4.1000 4.1000 4.1000 4.1000 4.1000 4.1000 4.1000 4.1063 4.1000 4.1000 4.1000 4.1000 4.1000 4.1000 4.1000 4.1063 
T2: 23 
================================================================== 
Subjekt: S080 
4.1000 4.1000 4.1000 4.1000 4.1000 4.1000 4.1000 4.1000 4.1000 4.1000 4.1000 4.1000 4.1000 4.1000 4.1000 4.1000 4.1000 4.1000 4.1000 4.1000 4.1000 4.1000 4.1000 
T1: 23 
4.1000 4.1000 4.1000 4.1000 4.1000 4.1000 4.1000 4.1000 4.1000 4.1000 4.1000 4.1000 4.1000 4.1000 4.1000 4.1000 4.1000 4.1000 4.1000 4.1000 4.1000 4.1000 
T2: 22 
================================================================== 
Subjekt: S081 
4.1000 4.1000 4.1000 4.1000 4.1000 4.1000 4.1000 4.1000 4.1000 4.1000 4.1000 4.1000 4.1000 4.1000 4.1000 4.1000 4.1000 4.1000 4.1000 4.1000 4.1000 4.1000 
T1: 22 
4.1000 4.1000 4.1000 4.1000 4.1000 4.1000 4.1000 4.1000 4.1000 4.1000 4.1000 4.1000 4.1000 4.1000 4.1000 4.1000 4.1000 4.1000 4.1000 4.1000 4.1000 4.1000 4.1000 
T2: 23 
================================================================== 
Subjekt: S082 
4.1000 4.1000 4.1000 4.1000 4.1000 4.1000 4.1000 4.1000 4.1000 4.1000 4.1000 4.1000 4.1000 4.1000 4.1000 4.1000 4.1000 4.1000 4.1000 4.1000 4.1000 4.1000 4.1000 
T1: 23 
4.1000 4.1000 4.1000 4.1000 4.1000 4.1000 4.1000 4.1000 4.1000 4.1000 4.1000 4.1000 4.1000 4.1000 4.1000 4.1000 4.1000 4.1000 4.1000 4.1000 4.1000 4.1000 
T2: 22 
================================================================== 
Subjekt: S083 
4.1000 4.1000 4.1000 4.1000 4.1000 4.1000 4.1000 4.1063 4.1000 4.1000 4.1000 4.1000 4.1000 4.1000 4.1000 4.1000 4.1000 4.1000 4.1000 4.1000 4.1000 4.1000 
T1: 22 
4.1000 4.1000 4.1000 4.1000 4.1000 4.1000 4.1000 4.1000 4.1000 4.1000 4.1000 4.1000 4.1000 4.1000 4.1063 4.1000 4.1000 4.1000 4.1000 4.1000 4.1000 4.1000 4.1063 
T2: 23 
================================================================== 
Subjekt: S084 
4.1000 4.1000 4.1000 4.1000 4.1000 4.1000 4.1000 4.1000 4.1000 4.1000 4.1000 4.1000 4.1000 4.1000 4.1000 4.1000 4.1000 4.1000 4.1000 4.1000 4.1000 4.1000 4.1000 
T1: 23 
4.1000 4.1000 4.1000 4.1000 4.1000 4.1000 4.1000 4.1000 4.1000 4.1000 4.1000 4.1000 4.1000 4.1000 4.1000 4.1000 4.1000 4.1000 4.1000 4.1000 4.1000 4.1000 
T2: 22 
================================================================== 
Subjekt: S085 
4.1000 4.1000 4.1000 4.1000 4.1000 4.1000 4.1000 4.1000 4.1000 4.1000 4.1000 4.1000 4.1000 4.1000 4.1000 4.1000 4.1000 4.1000 4.1000 4.1000 4.1000 4.1000 4.1000 
T1: 23 
4.1000 4.1000 4.1000 4.1000 4.1000 4.1000 4.1000 4.1000 4.1000 4.1000 4.1000 4.1000 4.1000 4.1000 4.1000 4.1000 4.1000 4.1000 4.1000 4.1000 4.1000 4.1000 
T2: 22 
================================================================== 
Subjekt: S086 
4.1000 4.1000 4.1000 4.1000 4.1000 4.1000 4.1000 4.1063 4.1000 4.1000 4.1000 4.1000 4.1000 4.1000 4.1000 4.1000 4.1000 4.1000 4.1000 4.1000 4.1000 4.1000 
T1: 22 
4.1000 4.1000 4.1000 4.1000 4.1000 4.1000 4.1000 4.1000 4.1000 4.1000 4.1000 4.1000 4.1000 4.1000 4.1063 4.1000 4.1000 4.1000 4.1000 4.1000 4.1000 4.1000 4.1063 
T2: 23 
================================================================== 
Subjekt: S087 
4.1000 4.1000 4.1000 4.1000 4.1000 4.1000 4.1000 4.1000 4.1000 4.1000 4.1000 4.1000 4.1000 4.1000 4.1000 4.1000 4.1000 4.1000 4.1000 4.1000 4.1000 4.1000 
T1: 22 
4.1000 4.1000 4.1000 4.1000 4.1000 4.1000 4.1000 4.1000 4.1000 4.1000 4.1000 4.1000 4.1000 4.1000 4.1000 4.1000 4.1000 4.1000 4.1000 4.1000 4.1000 4.1000 4.1000 
T2: 23 
================================================================== 
Subjekt: S088 
5.1250 5.1016 5.1328 5.1250 5.1016 5.1328 5.1250 5.1016 
T1: 8 
5.1250 5.1016 5.1250 5.1016 5.1250 5.1016 5.1328 
T2: 7 
================================================================== 
Subjekt: S090 
4.1000 4.1000 4.1000 4.1000 4.1000 4.1000 4.1000 4.1000 4.1000 4.1000 4.1000 4.1000 4.1000 4.1000 4.1000 4.1000 4.1000 4.1000 4.1000 4.1000 4.1000 4.1000 
T1: 22 
4.1000 4.1000 4.1000 4.1000 4.1000 4.1000 4.1000 4.1000 4.1000 4.1000 4.1000 4.1000 4.1000 4.1000 4.1000 4.1000 4.1000 4.1000 4.1000 4.1000 4.1000 4.1000 4.1000 
T2: 23 
================================================================== 
Subjekt: S091 
4.1000 4.1000 4.1000 4.1000 4.1000 4.1000 4.1000 4.1000 4.1000 4.1000 4.1000 4.1000 4.1000 4.1000 4.1000 4.1000 4.1000 4.1000 4.1000 4.1000 4.1000 4.1000 
T1: 22 
4.1000 4.1000 4.1000 4.1000 4.1000 4.1000 4.1000 4.1000 4.1000 4.1000 4.1000 4.1000 4.1000 4.1000 4.1000 4.1000 4.1000 4.1000 4.1000 4.1000 4.1000 4.1000 4.1000 
T2: 23 
================================================================== 
Subjekt: S092 
5.1250 5.1016 5.1250 5.1016 5.1250 5.1016 
T1: 6 
5.1250 5.1016 5.1328 5.1250 5.1016 5.1328 5.1250 5.1016 5.1328 
T2: 9 
================================================================== 
Subjekt: S093 
4.1000 4.1000 4.1000 4.1000 4.1000 4.1000 4.1000 4.1000 4.1000 4.1000 4.1000 4.1000 4.1000 4.1000 4.1000 4.1000 4.1000 4.1000 4.1000 4.1000 4.1000 4.1000 4.1000 
T1: 23 
4.1000 4.1000 4.1000 4.1000 4.1000 4.1000 4.1000 4.1000 4.1000 4.1000 4.1000 4.1000 4.1000 4.1000 4.1000 4.1000 4.1000 4.1000 4.1000 4.1000 4.1000 4.1000 
T2: 22 
================================================================== 
Subjekt: S094 
4.1000 4.1000 4.1000 4.1000 4.1000 4.1000 4.1000 4.1000 4.1000 4.1000 4.1000 4.1000 4.1000 4.1000 4.1000 4.1000 4.1000 4.1000 4.1000 4.1000 4.1000 4.1000 
T1: 22 
4.1000 4.1000 4.1000 4.1000 4.1000 4.1000 4.1000 4.1000 4.1000 4.1000 4.1000 4.1000 4.1000 4.1000 4.1000 4.1000 4.1000 4.1000 4.1000 4.1000 4.1000 4.1000 4.1000 
T2: 23 
================================================================== 
Subjekt: S095 
4.1000 4.1000 4.1000 4.1000 4.1000 4.1000 4.1000 4.1000 4.1000 4.1000 4.1000 4.1000 4.1000 4.1000 4.1063 4.1000 4.1000 4.1000 4.1000 4.1000 4.1000 4.1000 4.1063 
T1: 23 
4.1000 4.1000 4.1000 4.1000 4.1000 4.1000 4.1000 4.1063 4.1000 4.1000 4.1000 4.1000 4.1000 4.1000 4.1000 4.1000 4.1000 4.1000 4.1000 4.1000 4.1000 4.1000 
T2: 22 
================================================================== 
Subjekt: S096 
4.1000 4.1000 4.1000 4.1000 4.1000 4.1000 4.1000 4.1000 4.1000 4.1000 4.1000 4.1000 4.1000 4.1000 4.1063 4.1000 4.1000 4.1000 4.1000 4.1000 4.1000 4.1000 4.1063 
T1: 23 
4.1000 4.1000 4.1000 4.1000 4.1000 4.1000 4.1000 4.1063 4.1000 4.1000 4.1000 4.1000 4.1000 4.1000 4.1000 4.1000 4.1000 4.1000 4.1000 4.1000 4.1000 4.1000 
T2: 22 
================================================================== 
Subjekt: S097 
4.1000 4.1000 4.1000 4.1000 4.1000 4.1000 4.1000 4.1000 4.1000 4.1000 4.1000 4.1000 4.1000 4.1000 4.1000 4.1000 4.1000 4.1000 4.1000 4.1000 4.1000 4.1000 4.1000 
T1: 23 
4.1000 4.1000 4.1000 4.1000 4.1000 4.1000 4.1000 4.1000 4.1000 4.1000 4.1000 4.1000 4.1000 4.1000 4.1000 4.1000 4.1000 4.1000 4.1000 4.1000 4.1000 4.1000 
T2: 22 
================================================================== 
Subjekt: S098 
4.1000 4.1000 4.1000 4.1000 4.1000 4.1000 4.1000 4.1000 4.1000 4.1000 4.1000 4.1000 4.1000 4.1000 4.1000 4.1000 4.1000 4.1000 4.1000 4.1000 4.1000 4.1000 4.1000 
T1: 23 
4.1000 4.1000 4.1000 4.1000 4.1000 4.1000 4.1000 4.1000 4.1000 4.1000 4.1000 4.1000 4.1000 4.1000 4.1000 4.1000 4.1000 4.1000 4.1000 4.1000 4.1000 4.1000 
T2: 22 
================================================================== 
Subjekt: S099 
4.1000 4.1000 4.1000 4.1000 4.1000 4.1000 4.1000 4.1000 4.1000 4.1000 4.1000 4.1000 4.1000 4.1000 4.1000 4.1000 4.1000 4.1000 4.1000 4.1000 4.1000 4.1000 
T1: 22 
4.1000 4.1000 4.1000 4.1000 4.1000 4.1000 4.1000 4.1000 4.1000 4.1000 4.1000 4.1000 4.1000 4.1000 4.1000 4.1000 4.1000 4.1000 4.1000 4.1000 4.1000 4.1000 4.1000 
T2: 23 
================================================================== 
Subjekt: S100 
15.3750 5.1016 5.1953 5.1953 
T1: 4 
5.1953 15.3750 5.1016 15.3750 5.1016 
T2: 5 
================================================================== 
Subjekt: S101 
4.1000 4.1000 4.1000 4.1000 4.1000 4.1000 4.1000 4.1063 4.1000 4.1000 4.1000 4.1000 4.1000 4.1000 4.1000 4.1000 4.1000 4.1000 4.1000 4.1000 4.1000 4.1000 
T1: 22 
4.1000 4.1000 4.1000 4.1000 4.1000 4.1000 4.1000 4.1000 4.1000 4.1000 4.1000 4.1000 4.1000 4.1000 4.1063 4.1000 4.1000 4.1000 4.1000 4.1000 4.1000 4.1000 4.1063 
T2: 23 
================================================================== 
Subjekt: S102 
4.1000 4.1000 4.1000 4.1000 4.1000 4.1000 4.1000 4.1000 4.1000 4.1000 4.1000 4.1000 4.1000 4.1000 4.1000 4.1000 4.1000 4.1000 4.1000 4.1000 4.1000 4.0000 
T1: 22 
4.1000 4.1000 4.1000 4.1000 4.1000 4.1000 4.1000 4.0000 4.1000 4.1000 4.1000 4.1000 4.1000 4.1000 4.1000 4.0000 4.1000 4.1000 4.1000 4.1000 4.1000 4.1000 4.1000 
T2: 23 
================================================================== 
Subjekt: S103 
4.1000 4.1000 4.1000 4.1000 4.1000 4.1000 4.1000 4.1000 4.1000 4.1000 4.1000 4.1000 4.1000 4.1000 4.1063 4.1000 4.1000 4.1000 4.1000 4.1000 4.1000 4.1000 
T1: 22 
4.1000 4.1000 4.1000 4.1000 4.1000 4.1000 4.1000 4.1063 4.1000 4.1000 4.1000 4.1000 4.1000 4.1000 4.1000 4.1000 4.1000 4.1000 4.1000 4.1000 4.1000 4.1000 4.1063 
T2: 23 
================================================================== 
Subjekt: S104 
4.1000 4.1000 4.1000 4.1000 4.1000 4.1000 4.1000 4.1000 4.1000 4.1000 4.1000 4.1000 4.1000 2.9813 4.1000 4.1000 4.1000 4.1000 4.1000 4.1000 4.1000 4.1000 
T1: 22 
4.1000 4.1000 4.1000 4.1000 4.1000 4.1000 4.1000 4.1000 4.1000 4.1000 4.1000 4.1000 4.1000 4.1000 4.1000 4.1000 4.1000 4.1000 4.1000 4.1000 4.1000 
T2: 21 
================================================================== 
Subjekt: S105 
4.1000 4.1000 4.1000 4.1000 4.1000 4.1000 4.1000 4.1000 4.1000 4.1000 4.1000 4.1000 4.1000 4.1000 4.1000 4.1000 4.1000 4.1000 4.1000 4.1000 4.1000 4.1000 4.1000 
T1: 23 
4.1000 4.1000 4.1000 4.1000 4.1000 4.1000 4.1000 4.1000 4.1000 4.1000 4.1000 4.1000 4.1000 4.1000 4.1000 4.1000 4.1000 4.1000 4.1000 4.1000 4.1000 4.1000 
T2: 22 
================================================================== 
Subjekt: S106 
4.1000 4.1000 4.1000 4.1000 4.1000 4.1000 4.1000 4.1063 4.1000 4.1000 4.1000 4.1000 4.1000 4.1000 4.1000 4.1063 4.1000 4.1000 4.1000 4.1000 4.1000 4.1000 4.1000 4.1063 
T1: 24 
4.1000 4.1000 4.1000 4.1000 4.1000 4.1000 4.1000 4.1000 4.1000 4.1000 4.1000 4.1000 4.1000 4.1000 4.1000 4.1000 4.1000 4.1000 4.1000 4.1000 4.1000 
T2: 21 
================================================================== 
Subjekt: S107 
4.1000 4.1000 4.1000 4.1000 4.1000 4.1000 4.1000 4.1063 4.1000 4.1000 4.1000 4.1000 4.1000 4.1000 4.1000 4.1063 4.1000 4.1000 4.1000 4.1000 4.1000 4.1000 4.1000 4.1063 
T1: 24 
4.1000 4.1000 4.1000 4.1000 4.1000 4.1000 4.1000 4.1000 4.1000 4.1000 4.1000 4.1000 4.1000 4.1000 4.1000 4.1000 4.1000 4.1000 4.1000 4.1000 4.1000 
T2: 21 
================================================================== 
Subjekt: S108 
4.1000 4.1000 4.1000 4.1000 4.1000 4.1000 4.1000 4.1000 4.1000 4.1000 4.1000 4.1000 4.1000 4.1000 4.1000 4.1000 4.1000 4.1000 4.1000 4.1000 4.1000 4.1000 
T1: 22 
4.1000 4.1000 4.1000 4.1000 4.1000 4.1000 4.1000 4.1000 4.1000 4.1000 4.1000 4.1000 4.1000 4.1000 4.1000 4.1000 4.1000 4.1000 4.1000 4.1000 4.1000 4.1000 4.1000 
T2: 23 
================================================================== 
Subjekt: S109 
4.1000 4.1000 4.1000 4.1000 4.1000 4.1000 4.1000 4.1000 4.1000 4.1000 4.1000 4.1000 4.1000 4.1000 4.1000 4.1000 4.1000 4.1000 4.1000 4.1000 4.1000 4.1000 4.1000 
T1: 23 
4.1000 4.1000 4.1000 4.1000 4.1000 4.1000 4.1000 4.1000 4.1000 4.1000 4.1000 4.1000 4.1000 4.1000 4.1000 4.1000 4.1000 4.1000 4.1000 4.1000 4.1000 4.1000 
T2: 22 
================================================================== 
