5.04818100 6.62789831
5.66487013 7.02874353
5.16110289 6.46058548
4.70291088 6.08462530
4.75993696 6.21656447
5.34602754 6.57155382
5.26172800 6.44086420
4.80625566 6.17908628
5.05812750 6.59037907
4.66157643 6.26743647
4.69281772 6.22721437
5.20483411 6.69938257
5.05667389 6.55123734
4.91056729 6.38631432
5.68990208 6.91369926
4.76172501 6.04126413
4.92830312 6.41104458
5.43693806 6.97702028
5.09388849 6.56000508
5.21231651 6.30880028
4.76134846 6.17543450
5.23739927 6.75452715
5.34735475 6.63130609
5.49089954 7.01481740
5.54279054 6.88982087
5.59666892 6.83944704
5.33557682 6.55910871
5.83790548 6.98733648
5.21065316 6.51358308
4.46505968 6.17107619
5.83870348 6.94402325
5.20826317 6.14924196
5.22196132 6.74876537
5.09965842 6.40829250
4.62235234 6.12235352
5.23055291 6.78842889
4.88243225 6.33173689
5.03711051 6.47729064
5.12026380 6.40299736
5.18921139 6.87838225
4.88523101 6.42514625
4.97497145 6.39112405
5.15202350 6.64345744
