-2.12612731 -0.68907622
-2.44542610 -0.92165238
-2.22335178 -0.79178084
-1.99430995 -0.33266135
-2.28262767 -0.85726235
-2.00826095 -0.54004826
-2.11366839 -0.51637635
-2.19334180 -0.64242355
-2.17229680 -0.57231704
-2.18788733 -0.74232555
-2.41446233 -0.99001044
-2.29852374 -0.92846422
-1.91953030 -0.64760263
-2.49967817 -0.90621951
-2.13150487 -0.47645531
-2.31924329 -0.81191820
-2.20663826 -0.59346177
-2.15072415 -0.66391867
-2.22726099 -0.67000702
-2.39846751 -0.87532887
-2.15204232 -0.57642057
-1.89182487 -0.36066091
-1.28236997 -0.05257917
-2.28868340 -0.77221953
-1.70814261 -0.22743479
-2.02961932 -0.63508359
-2.13725794 -0.66947993
-2.12374230 -0.67068447
-2.29413036 -0.79290545
-2.25556218 -0.72567238
-2.21888757 -0.53610398
-2.25412931 -0.74822013
-2.15843697 -0.66200811
-2.16016754 -0.73887297
-2.28512647 -0.71849278
-2.05435275 -0.39643060
-2.37414942 -0.85520197
-1.91957154 -0.33928974
-2.03387632 -0.41741194
-2.21708107 -0.70878101
-2.19959526 -0.61908034
-2.09363048 -0.54596407
-1.94557501 -0.44796971
